rocky		岩石	dysangelos
deadwood	枯木	
caves		洞穴	spider
mushroom	蘑菇	
halls		大廳	
mine		礦		
ridge		山脊	yeti
temple		寺院	

Poison	∞
Vigor	♥
Æther	*
Fire	φ
Ice		❄

caves
出埸動畫
藍		
黃		261
近		60
遠		40
+buff	32

吸血鬼藥水	vampiric potion		~:	20秒20%吸血
清潔藥水	cleansing potion	~/	50%回復+清debuff
治愈藥水	healing potion		~≈	100%回𢓴
狂暴藥水	berserk potion		/:	攻速+15
力量藥水	strength potion		oo	10秒擊暈+2倍破甲
幸運藥水	lucky potion		o:	6秒100%爆擊
隱形藥水	invisibility potion	o/	15秒100%閃避
防禦藥水	defensive potion	~o	50%回復+100%盾
閃電藥水	lightning potion	.:	150地圖傷害
經驗藥水	experience potion	/`	+經驗

rocky

(2)
	32
	59

(3)
	32
	49

	暈	32
	29
1❄	36
6❄	69

	大激光	115
	20:62
	10:72
	8:74
	6:76
	5:78

caves

出埸動畫
	黃	261

	近程	326
	60
❄	366
	
	遠程	331
	40

	+buff
	32

ridge

	1 149

foe.state
	1	出埸動畫
	2	空閒/移動
	4	死亡動畫

	32	攻擊前搖
	33	攻擊後搖

	p1 開埸動畫
	100 
	101 
	102 
	126 
	127 
	117 
	118 


	p3
	107	幽浮模式
	108	幽浮模式結束
	
	110	激光前搖
	111	激光聚氣
	112	激光眼凝聚
	114	激光眼推出
	115	激光眼移動到目標+攻擊



	spider
	142	近戰前搖
	143	近戰後搖

	133	遠程

	101	放手
	104	+buff
	100	抬手



	yeti
	132	開埸吹風前搖
	133	開埸吹風後搖

	142	吹風前搖
	143	吹風後搖



	snake
	101	抖動
	103	吐舌頭攻擊前搖
	104	吐舌頭攻擊纏繞
	105	吐舌頭攻擊
	107	吐舌頭攻擊成功
	108	吐舌頭攻擊失敗抖動
	109	吐舌頭攻擊成功後動畫

	102	毒液攻擊前前搖
	32	毒液攻擊前搖
	31	毒液吐出
	33	毒液攻擊後搖(time = 0時=31)

	112	撞墻抖動

speed
					前搖	後搖	冷卻
Sword				12		5		5
Big Sword			12		5		7
Wand				14		8		8
Crossbow			12		8		10
Heavy Crossbow		16		6		5
Repeating Crossbow	7		7		1
Quarterstaff		7		7		1
Hammer				12		5		5
Bardiche			14		16		0
Blade				30		30		0

sword(basic/rune)
0  0  22 0  22
1  1  21 0  22
2  2  20 1  21
3  3  19 2  20
4  4  18 3  19
5  5  17 4  18
6  6  16 5  17
7  7  15 6  16
8  8  14 6  16
9  9  13 7  15
10 10 12 8  14

1  11 11 9  13
2  12 10 10 12
3  13  9 11 11
4  13  9 12 10
5  14  9 12 10
6  15  9 13  9
7  16  8 14  9
8  17  8 15  9
9  18  8 16  8
10 19  7 17  8
11 20  7 18  8
12 21  7 18  8
13 22  6 19  7
14 23  6 20  7
15 24  6 21  7
16 25  5 22  6
17 26  5 23  6
18 26  5 24  6
19 27  4 24  6
20 28  4 25  5
21 29  4 26  5

wand
0  0  30
1  1  29
2  2  28
3  3  27
4  4  26
5  5  25
6  6  24
7  7  23
8  8  22
9  9  21
10 9  21

1  10 20
2  11 19
3  12 18
4  13 17
5  14 16
6  15 15
7  16 14
8  17 13
9  18 12
10 18 12
11 19 11
12 20 10
13 21 9
14 22 
15 23 
16 24 
17 25 
18 26 
19 27 7
20 28 6
21 29 6

crossbow
0  0  30 0  15
1  1  29 1  14
2  2  28 3  13
3  3  27 5  11
4  4  26 7  10
5  4  26 8  9
6  5  25 10 8
7  6  24 12 7
8  7  23 14 5
9  8  22 16 4
10 8  22 17 3

1  9  21
2  10 20
3  11 19
4  12 18
5  12 18
6  13 17
7  14 16
8  15 15
9  16 14
10 17 13
11 17 13
12 18 
13 19 
14 20 
15 21 
16 21 
17 22 
18 23 
19 24 7
20 25 6
21 25 6